0.000000 1.000000 3.000000 4.000000
0.010000 1.120000 2.940000 3.630000
0.020000 1.229200 2.881144 3.299928
0.030000 1.328317 2.824062 3.005350
0.040000 1.418061 2.769184 2.742328
0.050000 1.499129 2.716785 2.507364
0.060000 1.572188 2.667020 2.297355
0.070000 1.637878 2.619952 2.109550
0.080000 1.696802 2.575580 1.941507
0.090000 1.749529 2.533849 1.791059
0.100000 1.796588 2.494670 1.656283
0.110000 1.838473 2.457933 1.535474
0.120000 1.875641 2.423509 1.427115
0.130000 1.908513 2.391263 1.329860
0.140000 1.937478 2.361054 1.242511
0.150000 1.962892 2.332745 1.164005
0.160000 1.985083 2.306199 1.093394
0.170000 2.004350 2.281283 1.029834
0.180000 2.020966 2.257872 0.972576
0.190000 2.035181 2.235847 0.920949
0.200000 2.047220 2.215098 0.874358
0.210000 2.057293 2.195519 0.832270
0.220000 2.065587 2.177015 0.794211
0.230000 2.072273 2.159495 0.759758
0.240000 2.077506 2.142879 0.728533
0.250000 2.081428 2.127090 0.700198
0.260000 2.084168 2.112059 0.674452
0.270000 2.085841 2.097723 0.651026
0.280000 2.086554 2.084025 0.629678
0.290000 2.086403 2.070912 0.610195
0.300000 2.085473 2.058336 0.592383
0.310000 2.083845 2.046253 0.576071
0.320000 2.081590 2.034625 0.561104
0.330000 2.078772 2.023415 0.547347
0.340000 2.075450 2.012590 0.534674
0.350000 2.071679 2.002122 0.522977
0.360000 2.067505 1.991983 0.512157
0.370000 2.062974 1.982150 0.502125
0.380000 2.058125 1.972599 0.492804
0.390000 2.052993 1.963312 0.484122
0.400000 2.047612 1.954270 0.476017
0.410000 2.042012 1.945456 0.468431
0.420000 2.036218 1.936856 0.461314
0.430000 2.030257 1.928457 0.454621
0.440000 2.024149 1.920245 0.448312
0.450000 2.017915 1.912209 0.442349
0.460000 2.011572 1.904340 0.436701
0.470000 2.005138 1.896628 0.431338
0.480000 1.998628 1.889064 0.426234
0.490000 1.992054 1.881641 0.421366
0.500000 1.985429 1.874351 0.416713
0.510000 1.978764 1.867188 0.412256
0.520000 1.972070 1.860147 0.407977
0.530000 1.965354 1.853220 0.403863
0.540000 1.958626 1.846404 0.399899
0.550000 1.951893 1.839694 0.396073
0.560000 1.945161 1.833085 0.392375
0.570000 1.938436 1.826573 0.388794
0.580000 1.931725 1.820155 0.385321
0.590000 1.925030 1.813828 0.381950
0.600000 1.918358 1.807587 0.378671
0.610000 1.911712 1.801431 0.375480
0.620000 1.905095 1.795355 0.372370
0.630000 1.898511 1.789359 0.369337
0.640000 1.891962 1.783438 0.366374
0.650000 1.885450 1.777592 0.363479
0.660000 1.878979 1.771817 0.360646
0.670000 1.872549 1.766112 0.357874
0.680000 1.866163 1.760475 0.355158
0.690000 1.859822 1.754905 0.352495
0.700000 1.853527 1.749398 0.349884
0.710000 1.847279 1.743954 0.347321
0.720000 1.841079 1.738571 0.344805
0.730000 1.834929 1.733248 0.342333
0.740000 1.828828 1.727983 0.339903
0.750000 1.822777 1.722776 0.337515
0.760000 1.816777 1.717623 0.335166
0.770000 1.810828 1.712526 0.332854
0.780000 1.804930 1.707481 0.330580
0.790000 1.799083 1.702489 0.328341
0.800000 1.793287 1.697548 0.326136
0.810000 1.787543 1.692657 0.323964
0.820000 1.781850 1.687815 0.321825
0.830000 1.776208 1.683020 0.319717
0.839999 1.770616 1.678274 0.317639
0.849999 1.765076 1.673573 0.315591
0.859999 1.759586 1.668917 0.313572
0.869999 1.754146 1.664307 0.311580
0.879999 1.748755 1.659739 0.309617
0.889999 1.743414 1.655215 0.307680
0.899999 1.738122 1.650733 0.305769
0.909999 1.732879 1.646292 0.303884
0.919999 1.727684 1.641892 0.302024
0.929999 1.722536 1.637532 0.300188
0.939999 1.717436 1.633211 0.298376
0.949999 1.712382 1.628929 0.296588
0.959999 1.707375 1.624685 0.294823
0.969999 1.702414 1.620478 0.293080
0.979999 1.697498 1.616308 0.291359
0.989999 1.692626 1.612174 0.289660
0.999999 1.687799 1.608076 0.287982
1.009999 1.683016 1.604012 0.286325
1.019999 1.678276 1.599983 0.284688
1.029999 1.673578 1.595989 0.283072
1.039999 1.668923 1.592027 0.281475
1.049999 1.664309 1.588098 0.279897
1.059999 1.659736 1.584202 0.278338
1.069999 1.655204 1.580338 0.276798
1.079999 1.650712 1.576505 0.275276
1.089999 1.646260 1.572703 0.273772
1.099999 1.641846 1.568931 0.272285
1.109999 1.637472 1.565190 0.270816
1.119999 1.633135 1.561478 0.269364
1.129999 1.628835 1.557796 0.267929
1.139999 1.624573 1.554142 0.266510
1.149999 1.620347 1.550517 0.265107
1.159999 1.616157 1.546919 0.263720
1.169999 1.612003 1.543350 0.262349
1.179999 1.607884 1.539807 0.260993
1.189999 1.603799 1.536291 0.259652
1.199999 1.599749 1.532802 0.258326
1.209999 1.595732 1.529339 0.257014
1.219999 1.591748 1.525902 0.255717
1.229999 1.587798 1.522490 0.254434
1.239999 1.583879 1.519103 0.253164
1.249999 1.579993 1.515741 0.251909
1.259999 1.576137 1.512403 0.250666
1.269999 1.572313 1.509090 0.249437
1.279999 1.568520 1.505800 0.248221
1.289999 1.564757 1.502534 0.247018
1.299999 1.561023 1.499291 0.245827
1.309999 1.557319 1.496071 0.244649
1.319999 1.553645 1.492873 0.243482
1.329999 1.549998 1.489698 0.242328
1.339999 1.546380 1.486545 0.241186
1.349999 1.542790 1.483414 0.240055
1.359999 1.539228 1.480304 0.238935
1.369999 1.535692 1.477216 0.237827
1.379999 1.532184 1.474148 0.236730
1.389999 1.528702 1.471101 0.235643
1.399999 1.525246 1.468075 0.234568
1.409999 1.521815 1.465069 0.233503
1.419999 1.518411 1.462083 0.232448
1.429999 1.515031 1.459117 0.231404
1.439999 1.511676 1.456170 0.230369
1.449999 1.508346 1.453243 0.229345
1.459999 1.505039 1.450334 0.228330
1.469999 1.501757 1.447445 0.227326
1.479999 1.498498 1.444574 0.226330
1.489999 1.495263 1.441722 0.225344
1.499999 1.492051 1.438888 0.224367
1.509999 1.488861 1.436072 0.223399
1.519999 1.485693 1.433273 0.222441
1.529999 1.482548 1.430493 0.221491
1.539999 1.479425 1.427730 0.220549
1.549999 1.476323 1.424984 0.219616
1.559999 1.473243 1.422255 0.218692
1.569999 1.470183 1.419543 0.217776
1.579999 1.467145 1.416848 0.216869
1.589999 1.464127 1.414169 0.215969
1.599999 1.461130 1.411507 0.215077
1.609999 1.458152 1.408860 0.214193
1.619999 1.455195 1.406230 0.213317
1.629999 1.452257 1.403615 0.212449
1.639999 1.449338 1.401016 0.211588
1.649999 1.446439 1.398433 0.210735
1.659999 1.443559 1.395865 0.209889
1.669999 1.440697 1.393312 0.209050
1.679999 1.437854 1.390774 0.208219
1.689999 1.435029 1.388251 0.207394
1.699999 1.432223 1.385743 0.206576
1.709999 1.429434 1.383249 0.205766
1.719999 1.426663 1.380769 0.204962
1.729999 1.423909 1.378304 0.204164
1.739999 1.421173 1.375853 0.203374
1.749999 1.418454 1.373416 0.202590
1.759999 1.415751 1.370993 0.201812
1.769999 1.413066 1.368583 0.201041
1.779999 1.410397 1.366187 0.200276
1.789999 1.407744 1.363804 0.199517
1.799999 1.405108 1.361435 0.198764
1.809999 1.402488 1.359079 0.198017
1.819999 1.399883 1.356736 0.197276
1.829999 1.397294 1.354406 0.196541
1.839999 1.394721 1.352088 0.195812
1.849999 1.392163 1.349784 0.195089
1.859999 1.389620 1.347492 0.194371
1.869999 1.387092 1.345212 0.193659
1.879999 1.384580 1.342944 0.192953
1.889999 1.382082 1.340689 0.192251
1.899999 1.379598 1.338446 0.191556
1.909999 1.377129 1.336215 0.190865
1.919999 1.374674 1.333995 0.190180
1.929999 1.372233 1.331788 0.189500
1.939999 1.369807 1.329592 0.188825
1.949998 1.367394 1.327408 0.188156
1.959998 1.364994 1.325235 0.187491
1.969998 1.362609 1.323073 0.186831
1.979998 1.360237 1.320923 0.186177
1.989998 1.357878 1.318783 0.185527
1.999998 1.355532 1.316655 0.184881
2.009999 1.353199 1.314538 0.184241
2.019999 1.350880 1.312431 0.183605
2.029999 1.348573 1.310335 0.182974
2.039999 1.346279 1.308250 0.182347
2.049999 1.343997 1.306175 0.181725
2.059999 1.341728 1.304111 0.181108
2.069999 1.339471 1.302057 0.180495
2.079998 1.337226 1.300014 0.179886
2.089998 1.334993 1.297981 0.179281
2.099998 1.332772 1.295957 0.178681
2.109998 1.330563 1.293944 0.178085
2.119998 1.328366 1.291941 0.177493
2.129998 1.326181 1.289947 0.176906
2.139998 1.324007 1.287964 0.176322
2.149998 1.321844 1.285989 0.175743
2.159998 1.319693 1.284025 0.175167
2.169998 1.317553 1.282070 0.174596
2.179998 1.315424 1.280124 0.174028
2.189998 1.313306 1.278188 0.173464
2.199998 1.311199 1.276261 0.172904
2.209998 1.309103 1.274343 0.172348
2.219998 1.307017 1.272435 0.171796
2.229998 1.304942 1.270535 0.171247
2.239998 1.302878 1.268645 0.170702
2.249998 1.300824 1.266763 0.170161
2.259998 1.298780 1.264890 0.169623
2.269998 1.296747 1.263026 0.169089
2.279998 1.294724 1.261170 0.168558
2.289998 1.292710 1.259324 0.168031
2.299998 1.290707 1.257485 0.167507
2.309998 1.288714 1.255655 0.166987
2.319998 1.286730 1.253834 0.166470
2.329998 1.284757 1.252021 0.165957
2.339998 1.282792 1.250216 0.165446
2.349998 1.280838 1.248420 0.164939
2.359998 1.278893 1.246631 0.164436
2.369998 1.276957 1.244851 0.163935
2.379998 1.275031 1.243078 0.163438
2.389998 1.273113 1.241314 0.162944
2.399998 1.271206 1.239558 0.162453
2.409998 1.269307 1.237809 0.161965
2.419998 1.267417 1.236068 0.161480
2.429998 1.265536 1.234335 0.160998
2.439998 1.263664 1.232610 0.160519
2.449998 1.261801 1.230892 0.160043
2.459998 1.259946 1.229181 0.159570
2.469998 1.258100 1.227478 0.159100
2.479998 1.256263 1.225783 0.158633
2.489998 1.254434 1.224095 0.158169
2.499998 1.252614 1.222414 0.157708
2.509998 1.250802 1.220741 0.157249
2.519998 1.248998 1.219074 0.156793
2.529998 1.247203 1.217415 0.156340
2.539998 1.245416 1.215763 0.155890
2.549998 1.243636 1.214118 0.155442
2.559998 1.241865 1.212480 0.154997
2.569998 1.240102 1.210849 0.154555
2.579998 1.238347 1.209225 0.154115
2.589998 1.236600 1.207608 0.153678
2.599998 1.234860 1.205997 0.153243
2.609998 1.233129 1.204394 0.152811
2.619998 1.231404 1.202797 0.152382
2.629998 1.229688 1.201206 0.151955
2.639998 1.227979 1.199623 0.151531
2.649998 1.226278 1.198045 0.151109
2.659998 1.224584 1.196475 0.150689
2.669998 1.222897 1.194910 0.150272
2.679998 1.221218 1.193352 0.149857
2.689998 1.219546 1.191801 0.149445
2.699998 1.217881 1.190256 0.149035
2.709998 1.216224 1.188717 0.148628
2.719998 1.214573 1.187185 0.148222
2.729998 1.212930 1.185658 0.147819
2.739998 1.211294 1.184138 0.147419
2.749998 1.209664 1.182624 0.147020
2.759998 1.208042 1.181116 0.146624
2.769998 1.206427 1.179614 0.146230
2.779998 1.204818 1.178118 0.145838
2.789998 1.203216 1.176628 0.145448
2.799998 1.201620 1.175143 0.145061
2.809998 1.200032 1.173665 0.144676
2.819998 1.198450 1.172193 0.144292
2.829998 1.196874 1.170726 0.143911
2.839998 1.195305 1.169265 0.143532
2.849998 1.193743 1.167810 0.143155
2.859998 1.192187 1.166360 0.142780
2.869998 1.190637 1.164916 0.142408
2.879998 1.189094 1.163478 0.142037
2.889998 1.187557 1.162045 0.141668
2.899998 1.186026 1.160618 0.141301
2.909998 1.184502 1.159196 0.140936
2.919998 1.182983 1.157780 0.140573
2.929998 1.181471 1.156369 0.140212
2.939998 1.179965 1.154963 0.139853
2.949998 1.178465 1.153563 0.139496
2.959998 1.176971 1.152168 0.139141
2.969998 1.175483 1.150778 0.138787
2.979998 1.174000 1.149394 0.138436
2.989998 1.172524 1.148015 0.138086
2.999998 1.171053 1.146641 0.137738
3.009998 1.169589 1.145272 0.137392
3.019998 1.168130 1.143908 0.137048
3.029998 1.166676 1.142550 0.136706
3.039998 1.165229 1.141196 0.136365
3.049998 1.163787 1.139847 0.136026
3.059998 1.162350 1.138504 0.135689
3.069998 1.160920 1.137165 0.135353
3.079998 1.159494 1.135831 0.135019
3.089998 1.158075 1.134502 0.134687
3.099998 1.156660 1.133178 0.134357
3.109998 1.155251 1.131859 0.134028
3.119998 1.153848 1.130545 0.133701
3.129997 1.152450 1.129235 0.133376
3.139997 1.151057 1.127930 0.133052
3.149997 1.149669 1.126630 0.132730
3.159997 1.148287 1.125334 0.132410
3.169997 1.146910 1.124043 0.132091
3.179997 1.145538 1.122757 0.131773
3.189997 1.144171 1.121475 0.131458
3.199997 1.142809 1.120198 0.131144
3.209997 1.141453 1.118926 0.130831
3.219997 1.140101 1.117657 0.130520
3.229997 1.138754 1.116394 0.130210
3.239997 1.137413 1.115135 0.129902
3.249997 1.136076 1.113880 0.129596
3.259997 1.134744 1.112629 0.129291
3.269997 1.133417 1.111383 0.128987
3.279997 1.132095 1.110142 0.128685
3.289997 1.130778 1.108905 0.128384
3.299997 1.129466 1.107672 0.128085
3.309997 1.128158 1.106443 0.127787
3.319997 1.126855 1.105218 0.127491
3.329997 1.125557 1.103998 0.127196
3.339997 1.124263 1.102782 0.126903
3.349997 1.122975 1.101570 0.126611
3.359997 1.121690 1.100363 0.126320
3.369997 1.120411 1.099159 0.126031
3.379997 1.119135 1.097959 0.125743
3.389997 1.117865 1.096764 0.125456
3.399997 1.116599 1.095573 0.125171
3.409997 1.115337 1.094385 0.124887
3.419997 1.114080 1.093202 0.124604
3.429997 1.112828 1.092022 0.124323
3.439997 1.111579 1.090847 0.124043
3.449997 1.110335 1.089675 0.123764
3.459997 1.109096 1.088508 0.123487
3.469997 1.107860 1.087344 0.123211
3.479997 1.106629 1.086184 0.122936
3.489997 1.105403 1.085028 0.122662
3.499997 1.104180 1.083876 0.122390
3.509997 1.102962 1.082728 0.122119
3.519997 1.101748 1.081583 0.121849
3.529997 1.100538 1.080442 0.121581
3.539997 1.099332 1.079305 0.121313
3.549997 1.098131 1.078172 0.121047
3.559997 1.096933 1.077042 0.120782
3.569997 1.095740 1.075916 0.120518
3.579997 1.094550 1.074794 0.120256
3.589997 1.093365 1.073675 0.119994
3.599997 1.092184 1.072560 0.119734
3.609997 1.091006 1.071449 0.119475
3.619997 1.089833 1.070341 0.119217
3.629997 1.088663 1.069237 0.118960
3.639997 1.087498 1.068136 0.118705
3.649997 1.086336 1.067038 0.118450
3.659997 1.085178 1.065945 0.118197
3.669997 1.084024 1.064854 0.117944
3.679997 1.082874 1.063768 0.117693
3.689997 1.081728 1.062684 0.117443
3.699997 1.080585 1.061604 0.117194
3.709997 1.079446 1.060528 0.116946
3.719997 1.078311 1.059454 0.116700
3.729997 1.077180 1.058385 0.116454
3.739997 1.076052 1.057318 0.116209
3.749997 1.074928 1.056255 0.115966
3.759997 1.073807 1.055195 0.115723
3.769997 1.072691 1.054139 0.115481
3.779997 1.071578 1.053085 0.115241
3.789997 1.070468 1.052035 0.115001
3.799997 1.069362 1.050989 0.114763
3.809997 1.068260 1.049945 0.114526
3.819997 1.067161 1.048905 0.114289
3.829997 1.066065 1.047868 0.114054
3.839997 1.064974 1.046834 0.113819
3.849997 1.063885 1.045803 0.113586
3.859997 1.062800 1.044775 0.113353
3.869997 1.061719 1.043751 0.113122
3.879997 1.060641 1.042730 0.112891
3.889997 1.059566 1.041711 0.112662
3.899997 1.058495 1.040696 0.112433
3.909997 1.057427 1.039684 0.112206
3.919997 1.056362 1.038675 0.111979
3.929997 1.055301 1.037669 0.111753
3.939997 1.054243 1.036666 0.111529
3.949997 1.053189 1.035666 0.111305
3.959997 1.052137 1.034669 0.111082
3.969997 1.051089 1.033675 0.110860
3.979997 1.050044 1.032684 0.110639
3.989997 1.049003 1.031695 0.110418
3.999997 1.047964 1.030710 0.110199
4.009997 1.046929 1.029728 0.109981
4.019997 1.045897 1.028749 0.109763
4.029997 1.044868 1.027772 0.109546
4.039998 1.043842 1.026798 0.109331
4.049998 1.042819 1.025827 0.109116
4.059998 1.041800 1.024859 0.108902
4.069998 1.040784 1.023894 0.108688
4.079998 1.039770 1.022932 0.108476
4.089999 1.038760 1.021972 0.108265
4.099999 1.037753 1.021016 0.108054
4.109999 1.036749 1.020062 0.107844
4.119999 1.035747 1.019111 0.107635
4.130000 1.034749 1.018162 0.107427
4.140000 1.033754 1.017216 0.107220
4.150000 1.032762 1.016273 0.107013
4.160000 1.031772 1.015333 0.106808
4.170001 1.030786 1.014395 0.106603
4.180001 1.029802 1.013461 0.106399
4.190001 1.028822 1.012528 0.106196
4.200001 1.027844 1.011599 0.105993
4.210001 1.026870 1.010672 0.105792
4.220002 1.025898 1.009747 0.105591
4.230002 1.024929 1.008826 0.105391
4.240002 1.023962 1.007906 0.105191
4.250002 1.022999 1.006990 0.104993
4.260003 1.022038 1.006076 0.104795
4.270003 1.021081 1.005164 0.104598
4.280003 1.020126 1.004256 0.104402
4.290003 1.019174 1.003349 0.104206
4.300004 1.018224 1.002445 0.104011
4.310004 1.017277 1.001544 0.103817
4.320004 1.016333 1.000645 0.103624
4.330004 1.015392 0.999749 0.103432
4.340004 1.014453 0.998855 0.103240
4.350005 1.013517 0.997964 0.103049
4.360005 1.012584 0.997075 0.102858
4.370005 1.011654 0.996188 0.102669
4.380005 1.010726 0.995304 0.102480
4.390006 1.009801 0.994423 0.102292
4.400006 1.008878 0.993544 0.102104
4.410006 1.007958 0.992667 0.101917
4.420006 1.007040 0.991793 0.101731
4.430007 1.006125 0.990920 0.101546
4.440007 1.005213 0.990051 0.101361
4.450007 1.004303 0.989184 0.101177
4.460007 1.003396 0.988319 0.100994
4.470007 1.002492 0.987456 0.100811
4.480008 1.001589 0.986596 0.100629
4.490008 1.000690 0.985738 0.100448
4.500008 0.999793 0.984882 0.100267
4.510008 0.998898 0.984029 0.100087
4.520009 0.998006 0.983178 0.099908
4.530009 0.997116 0.982329 0.099730
4.540009 0.996229 0.981482 0.099552
4.550009 0.995344 0.980638 0.099374
4.560009 0.994462 0.979796 0.099197
4.570010 0.993582 0.978956 0.099021
4.580010 0.992704 0.978119 0.098846
4.590010 0.991829 0.977283 0.098671
4.600010 0.990956 0.976450 0.098497
4.610011 0.990086 0.975619 0.098324
4.620011 0.989218 0.974790 0.098151
4.630011 0.988352 0.973963 0.097978
4.640011 0.987489 0.973139 0.097807
4.650012 0.986628 0.972317 0.097636
4.660012 0.985769 0.971497 0.097465
4.670012 0.984913 0.970678 0.097296
4.680012 0.984059 0.969863 0.097126
4.690012 0.983207 0.969049 0.096958
4.700013 0.982358 0.968237 0.096790
4.710013 0.981510 0.967427 0.096622
4.720013 0.980665 0.966620 0.096455
4.730013 0.979823 0.965814 0.096289
4.740014 0.978982 0.965011 0.096124
4.750014 0.978144 0.964210 0.095958
4.760014 0.977308 0.963410 0.095794
4.770014 0.976474 0.962613 0.095630
4.780015 0.975642 0.961818 0.095467
4.790015 0.974813 0.961025 0.095304
4.800015 0.973986 0.960234 0.095142
4.810015 0.973161 0.959445 0.094980
4.820015 0.972338 0.958657 0.094819
4.830016 0.971517 0.957872 0.094659
4.840016 0.970698 0.957089 0.094499
4.850016 0.969882 0.956308 0.094339
4.860016 0.969067 0.955529 0.094180
4.870017 0.968255 0.954751 0.094022
4.880017 0.967445 0.953976 0.093864
4.890017 0.966636 0.953203 0.093707
4.900017 0.965830 0.952431 0.093550
4.910017 0.965026 0.951662 0.093394
4.920018 0.964225 0.950894 0.093238
4.930018 0.963425 0.950128 0.093083
4.940018 0.962627 0.949364 0.092929
4.950018 0.961831 0.948602 0.092775
4.960019 0.961037 0.947842 0.092621
4.970019 0.960246 0.947084 0.092468
4.980019 0.959456 0.946328 0.092316
4.990019 0.958668 0.945573 0.092164
5.000020 0.957883 0.944821 0.092012
5.010020 0.957099 0.944070 0.091861
5.020020 0.956317 0.943321 0.091711
5.030020 0.955537 0.942574 0.091561
5.040020 0.954760 0.941829 0.091412
5.050021 0.953984 0.941085 0.091263
5.060021 0.953210 0.940344 0.091114
5.070021 0.952438 0.939604 0.090966
5.080021 0.951668 0.938866 0.090819
5.090022 0.950900 0.938129 0.090672
5.100022 0.950134 0.937395 0.090525
5.110022 0.949369 0.936662 0.090379
5.120022 0.948607 0.935931 0.090234
5.130023 0.947846 0.935202 0.090089
5.140023 0.947088 0.934475 0.089944
5.150023 0.946331 0.933749 0.089800
5.160023 0.945576 0.933025 0.089656
5.170023 0.944823 0.932303 0.089513
5.180024 0.944072 0.931582 0.089370
5.190024 0.943322 0.930863 0.089228
5.200024 0.942575 0.930146 0.089086
5.210024 0.941829 0.929431 0.088945
5.220025 0.941085 0.928717 0.088804
5.230025 0.940343 0.928005 0.088664
5.240025 0.939603 0.927295 0.088524
5.250025 0.938864 0.926586 0.088384
5.260026 0.938128 0.925879 0.088245
5.270026 0.937393 0.925173 0.088107
5.280026 0.936659 0.924470 0.087969
5.290026 0.935928 0.923768 0.087831
5.300026 0.935198 0.923067 0.087694
5.310027 0.934471 0.922368 0.087557
5.320027 0.933744 0.921671 0.087420
5.330027 0.933020 0.920976 0.087284
5.340027 0.932297 0.920282 0.087149
5.350028 0.931576 0.919590 0.087014
5.360028 0.930857 0.918899 0.086879
5.370028 0.930140 0.918210 0.086745
5.380028 0.929424 0.917522 0.086611
5.390028 0.928710 0.916836 0.086477
5.400029 0.927997 0.916152 0.086344
5.410029 0.927287 0.915469 0.086212
5.420029 0.926578 0.914788 0.086080
5.430029 0.925870 0.914108 0.085948
5.440030 0.925165 0.913430 0.085817
5.450030 0.924460 0.912753 0.085686
5.460030 0.923758 0.912078 0.085555
5.470030 0.923057 0.911405 0.085425
5.480031 0.922358 0.910733 0.085295
5.490031 0.921660 0.910062 0.085166
5.500031 0.920965 0.909393 0.085037
5.510031 0.920270 0.908726 0.084909
5.520031 0.919578 0.908060 0.084780
5.530032 0.918887 0.907395 0.084653
5.540032 0.918197 0.906732 0.084525
5.550032 0.917509 0.906071 0.084398
5.560032 0.916823 0.905411 0.084272
5.570033 0.916138 0.904752 0.084146
5.580033 0.915455 0.904095 0.084020
5.590033 0.914773 0.903440 0.083895
5.600033 0.914093 0.902786 0.083769
5.610034 0.913415 0.902133 0.083645
5.620034 0.912738 0.901482 0.083521
5.630034 0.912063 0.900832 0.083397
5.640034 0.911389 0.900184 0.083273
5.650034 0.910717 0.899537 0.083150
5.660035 0.910046 0.898891 0.083027
5.670035 0.909377 0.898247 0.082905
5.680035 0.908709 0.897605 0.082783
5.690035 0.908042 0.896964 0.082661
5.700036 0.907378 0.896324 0.082540
5.710036 0.906715 0.895685 0.082419
5.720036 0.906053 0.895048 0.082298
5.730036 0.905393 0.894413 0.082178
5.740036 0.904734 0.893779 0.082058
5.750037 0.904076 0.893146 0.081939
5.760037 0.903421 0.892514 0.081820
5.770037 0.902766 0.891884 0.081701
5.780037 0.902113 0.891255 0.081582
5.790038 0.901462 0.890628 0.081464
5.800038 0.900812 0.890002 0.081346
5.810038 0.900163 0.889377 0.081229
5.820038 0.899516 0.888754 0.081112
5.830039 0.898870 0.888132 0.080995
5.840039 0.898226 0.887511 0.080879
5.850039 0.897583 0.886892 0.080763
5.860039 0.896942 0.886274 0.080647
5.870039 0.896302 0.885657 0.080532
5.880040 0.895663 0.885042 0.080417
5.890040 0.895026 0.884428 0.080302
5.900040 0.894390 0.883815 0.080188
5.910040 0.893755 0.883204 0.080074
5.920041 0.893122 0.882594 0.079960
5.930041 0.892490 0.881985 0.079847
5.940041 0.891860 0.881377 0.079734
5.950041 0.891231 0.880771 0.079621
5.960042 0.890603 0.880166 0.079509
5.970042 0.889977 0.879562 0.079396
5.980042 0.889352 0.878960 0.079285
5.990042 0.888729 0.878358 0.079173
6.000042 0.888107 0.877759 0.079062
6.010043 0.887486 0.877160 0.078951
6.020043 0.886866 0.876562 0.078841
6.030043 0.886248 0.875966 0.078731
6.040043 0.885631 0.875371 0.078621
6.050044 0.885015 0.874778 0.078511
6.060044 0.884401 0.874185 0.078402
6.070044 0.883788 0.873594 0.078293
6.080044 0.883176 0.873004 0.078185
6.090044 0.882566 0.872415 0.078076
6.100045 0.881957 0.871828 0.077968
6.110045 0.881349 0.871241 0.077861
6.120045 0.880743 0.870656 0.077753
6.130045 0.880138 0.870072 0.077646
6.140046 0.879534 0.869489 0.077539
6.150046 0.878931 0.868908 0.077433
6.160046 0.878330 0.868327 0.077327
6.170046 0.877729 0.867748 0.077221
6.180047 0.877131 0.867170 0.077115
6.190047 0.876533 0.866593 0.077010
6.200047 0.875937 0.866018 0.076905
6.210047 0.875342 0.865443 0.076800
6.220047 0.874748 0.864870 0.076696
6.230048 0.874155 0.864298 0.076592
6.240048 0.873564 0.863727 0.076488
6.250048 0.872973 0.863157 0.076384
6.260048 0.872384 0.862589 0.076281
6.270049 0.871797 0.862021 0.076178
6.280049 0.871210 0.861455 0.076075
6.290049 0.870625 0.860889 0.075973
6.300049 0.870041 0.860325 0.075871
6.310050 0.869458 0.859762 0.075769
6.320050 0.868876 0.859201 0.075667
6.330050 0.868295 0.858640 0.075566
6.340050 0.867716 0.858080 0.075465
6.350050 0.867138 0.857522 0.075364
6.360051 0.866561 0.856965 0.075263
6.370051 0.865985 0.856408 0.075163
6.380051 0.865411 0.855853 0.075063
6.390051 0.864837 0.855299 0.074964
6.400052 0.864265 0.854746 0.074864
6.410052 0.863694 0.854194 0.074765
6.420052 0.863124 0.853644 0.074666
6.430052 0.862555 0.853094 0.074568
6.440053 0.861987 0.852545 0.074469
6.450053 0.861421 0.851998 0.074371
6.460053 0.860855 0.851451 0.074273
6.470053 0.860291 0.850906 0.074176
6.480053 0.859728 0.850362 0.074078
6.490054 0.859166 0.849819 0.073981
6.500054 0.858605 0.849276 0.073885
6.510054 0.858046 0.848735 0.073788
6.520054 0.857487 0.848195 0.073692
6.530055 0.856929 0.847656 0.073596
6.540055 0.856373 0.847118 0.073500
6.550055 0.855818 0.846582 0.073405
6.560055 0.855264 0.846046 0.073309
6.570055 0.854711 0.845511 0.073214
6.580056 0.854159 0.844977 0.073119
6.590056 0.853608 0.844444 0.073025
6.600056 0.853058 0.843913 0.072931
6.610056 0.852509 0.843382 0.072837
6.620057 0.851962 0.842852 0.072743
6.630057 0.851415 0.842324 0.072649
6.640057 0.850869 0.841796 0.072556
6.650057 0.850325 0.841269 0.072463
6.660058 0.849782 0.840744 0.072370
6.670058 0.849239 0.840219 0.072278
6.680058 0.848698 0.839696 0.072185
6.690058 0.848158 0.839173 0.072093
6.700058 0.847619 0.838651 0.072002
6.710059 0.847081 0.838131 0.071910
6.720059 0.846544 0.837611 0.071819
6.730059 0.846008 0.837093 0.071728
6.740059 0.845473 0.836575 0.071637
6.750060 0.844939 0.836058 0.071546
6.760060 0.844406 0.835542 0.071456
6.770060 0.843874 0.835028 0.071365
6.780060 0.843344 0.834514 0.071275
6.790061 0.842814 0.834001 0.071186
6.800061 0.842285 0.833489 0.071096
6.810061 0.841757 0.832978 0.071007
6.820061 0.841231 0.832469 0.070918
6.830061 0.840705 0.831960 0.070829
6.840062 0.840180 0.831452 0.070741
6.850062 0.839656 0.830944 0.070652
6.860062 0.839134 0.830438 0.070564
6.870062 0.838612 0.829933 0.070476
6.880063 0.838091 0.829429 0.070388
6.890063 0.837572 0.828926 0.070301
6.900063 0.837053 0.828423 0.070214
6.910063 0.836535 0.827922 0.070127
6.920063 0.836018 0.827421 0.070040
6.930064 0.835502 0.826922 0.069953
6.940064 0.834988 0.826423 0.069867
6.950064 0.834474 0.825925 0.069781
6.960064 0.833961 0.825429 0.069695
6.970065 0.833449 0.824933 0.069609
6.980065 0.832938 0.824438 0.069524
6.990065 0.832428 0.823944 0.069438
7.000065 0.831919 0.823450 0.069353
7.010066 0.831411 0.822958 0.069268
7.020066 0.830903 0.822467 0.069184
7.030066 0.830397 0.821976 0.069099
7.040066 0.829892 0.821487 0.069015
7.050066 0.829388 0.820998 0.068931
7.060067 0.828884 0.820510 0.068847
7.070067 0.828382 0.820023 0.068763
7.080067 0.827880 0.819537 0.068680
7.090067 0.827380 0.819052 0.068597
7.100068 0.826880 0.818568 0.068514
7.110068 0.826381 0.818084 0.068431
7.120068 0.825884 0.817602 0.068348
7.130068 0.825387 0.817120 0.068266
7.140069 0.824891 0.816639 0.068184
7.150069 0.824396 0.816159 0.068102
7.160069 0.823901 0.815680 0.068020
7.170069 0.823408 0.815202 0.067938
7.180069 0.822916 0.814725 0.067857
7.190070 0.822424 0.814248 0.067776
7.200070 0.821934 0.813773 0.067695
7.210070 0.821444 0.813298 0.067614
7.220070 0.820955 0.812824 0.067533
7.230071 0.820468 0.812351 0.067453
7.240071 0.819981 0.811879 0.067373
7.250071 0.819494 0.811407 0.067293
7.260071 0.819009 0.810937 0.067213
7.270072 0.818525 0.810467 0.067133
7.280072 0.818041 0.809998 0.067054
7.290072 0.817559 0.809530 0.066975
7.300072 0.817077 0.809063 0.066895
7.310072 0.816596 0.808596 0.066817
7.320073 0.816116 0.808131 0.066738
7.330073 0.815637 0.807666 0.066659
7.340073 0.815159 0.807202 0.066581
7.350073 0.814681 0.806739 0.066503
7.360074 0.814205 0.806276 0.066425
7.370074 0.813729 0.805815 0.066347
7.380074 0.813254 0.805354 0.066270
7.390074 0.812780 0.804894 0.066192
7.400074 0.812307 0.804435 0.066115
7.410075 0.811835 0.803976 0.066038
7.420075 0.811363 0.803519 0.065961
7.430075 0.810893 0.803062 0.065885
7.440075 0.810423 0.802606 0.065808
7.450076 0.809954 0.802151 0.065732
7.460076 0.809486 0.801697 0.065656
7.470076 0.809018 0.801243 0.065580
7.480076 0.808552 0.800790 0.065504
7.490077 0.808086 0.800338 0.065428
7.500077 0.807621 0.799887 0.065353
7.510077 0.807157 0.799437 0.065278
7.520077 0.806694 0.798987 0.065203
7.530077 0.806231 0.798538 0.065128
7.540078 0.805770 0.798090 0.065053
7.550078 0.805309 0.797642 0.064978
7.560078 0.804849 0.797196 0.064904
7.570078 0.804390 0.796750 0.064830
7.580079 0.803931 0.796305 0.064756
7.590079 0.803474 0.795860 0.064682
7.600079 0.803017 0.795417 0.064608
7.610079 0.802561 0.794974 0.064535
7.620080 0.802106 0.794532 0.064462
7.630080 0.801651 0.794091 0.064388
7.640080 0.801198 0.793650 0.064315
7.650080 0.800745 0.793210 0.064243
7.660080 0.800293 0.792771 0.064170
7.670081 0.799842 0.792333 0.064097
7.680081 0.799391 0.791895 0.064025
7.690081 0.798941 0.791458 0.063953
7.700081 0.798492 0.791022 0.063881
7.710082 0.798044 0.790587 0.063809
7.720082 0.797597 0.790152 0.063737
7.730082 0.797150 0.789718 0.063666
7.740082 0.796704 0.789285 0.063595
7.750082 0.796259 0.788853 0.063523
7.760083 0.795815 0.788421 0.063452
7.770083 0.795371 0.787990 0.063381
7.780083 0.794928 0.787560 0.063311
7.790083 0.794486 0.787130 0.063240
7.800084 0.794045 0.786701 0.063170
7.810084 0.793604 0.786273 0.063100
7.820084 0.793164 0.785846 0.063030
7.830084 0.792725 0.785419 0.062960
7.840085 0.792287 0.784993 0.062890
7.850085 0.791849 0.784567 0.062820
7.860085 0.791412 0.784143 0.062751
7.870085 0.790976 0.783719 0.062682
7.880085 0.790541 0.783296 0.062612
7.890086 0.790106 0.782873 0.062543
7.900086 0.789672 0.782451 0.062475
7.910086 0.789239 0.782030 0.062406
7.920086 0.788806 0.781610 0.062337
7.930087 0.788374 0.781190 0.062269
7.940087 0.787943 0.780771 0.062201
7.950087 0.787513 0.780353 0.062133
7.960087 0.787083 0.779935 0.062065
7.970088 0.786654 0.779518 0.061997
7.980088 0.786226 0.779101 0.061930
7.990088 0.785799 0.778686 0.061862
8.000088 0.785372 0.778271 0.061795
8.010088 0.784946 0.777857 0.061728
8.020088 0.784521 0.777443 0.061661
8.030088 0.784096 0.777030 0.061594
8.040089 0.783672 0.776618 0.061527
8.050089 0.783249 0.776206 0.061460
8.060089 0.782826 0.775795 0.061394
8.070089 0.782404 0.775385 0.061328
8.080090 0.781983 0.774975 0.061262
8.090090 0.781563 0.774566 0.061196
8.100090 0.781143 0.774158 0.061130
8.110090 0.780724 0.773750 0.061064
8.120090 0.780305 0.773343 0.060999
8.130091 0.779888 0.772937 0.060933
8.140091 0.779471 0.772531 0.060868
8.150091 0.779054 0.772126 0.060803
8.160091 0.778639 0.771722 0.060738
8.170092 0.778224 0.771318 0.060673
8.180092 0.777809 0.770915 0.060608
8.190092 0.777396 0.770512 0.060544
8.200092 0.776983 0.770110 0.060479
8.210093 0.776570 0.769709 0.060415
8.220093 0.776159 0.769309 0.060351
8.230093 0.775748 0.768909 0.060287
8.240093 0.775337 0.768510 0.060223
8.250093 0.774928 0.768111 0.060159
8.260094 0.774519 0.767713 0.060095
8.270094 0.774110 0.767315 0.060032
8.280094 0.773703 0.766919 0.059969
8.290094 0.773296 0.766523 0.059905
8.300095 0.772889 0.766127 0.059842
8.310095 0.772483 0.765732 0.059779
8.320095 0.772078 0.765338 0.059717
8.330095 0.771674 0.764944 0.059654
8.340096 0.771270 0.764551 0.059592
8.350096 0.770867 0.764159 0.059529
8.360096 0.770464 0.763767 0.059467
8.370096 0.770063 0.763376 0.059405
8.380096 0.769661 0.762985 0.059343
8.390097 0.769261 0.762595 0.059281
8.400097 0.768861 0.762206 0.059219
8.410097 0.768462 0.761817 0.059157
8.420097 0.768063 0.761429 0.059096
8.430098 0.767665 0.761041 0.059035
8.440098 0.767267 0.760654 0.058973
8.450098 0.766871 0.760268 0.058912
8.460098 0.766475 0.759882 0.058851
8.470098 0.766079 0.759497 0.058791
8.480099 0.765684 0.759113 0.058730
8.490099 0.765290 0.758729 0.058669
8.500099 0.764896 0.758345 0.058609
8.510099 0.764503 0.757962 0.058548
8.520100 0.764111 0.757580 0.058488
8.530100 0.763719 0.757199 0.058428
8.540100 0.763328 0.756818 0.058368
8.550100 0.762937 0.756437 0.058308
8.560101 0.762547 0.756057 0.058249
8.570101 0.762158 0.755678 0.058189
8.580101 0.761769 0.755299 0.058130
8.590101 0.761381 0.754921 0.058070
8.600101 0.760993 0.754544 0.058011
8.610102 0.760606 0.754167 0.057952
8.620102 0.760220 0.753790 0.057893
8.630102 0.759834 0.753415 0.057834
8.640102 0.759449 0.753039 0.057776
8.650103 0.759064 0.752665 0.057717
8.660103 0.758680 0.752290 0.057658
8.670103 0.758297 0.751917 0.057600
8.680103 0.757914 0.751544 0.057542
8.690104 0.757532 0.751171 0.057484
8.700104 0.757150 0.750800 0.057426
8.710104 0.756769 0.750428 0.057368
8.720104 0.756389 0.750058 0.057310
8.730104 0.756009 0.749687 0.057252
8.740105 0.755630 0.749318 0.057195
8.750105 0.755251 0.748949 0.057137
8.760105 0.754873 0.748580 0.057080
8.770105 0.754495 0.748212 0.057023
8.780106 0.754118 0.747845 0.056966
8.790106 0.753742 0.747478 0.056909
8.800106 0.753366 0.747112 0.056852
8.810106 0.752991 0.746746 0.056795
8.820107 0.752616 0.746381 0.056739
8.830107 0.752242 0.746016 0.056682
8.840107 0.751868 0.745652 0.056626
8.850107 0.751495 0.745288 0.056570
8.860107 0.751123 0.744925 0.056513
8.870108 0.750751 0.744563 0.056457
8.880108 0.750380 0.744201 0.056401
8.890108 0.750009 0.743839 0.056346
8.900108 0.749639 0.743478 0.056290
8.910109 0.749269 0.743118 0.056234
8.920109 0.748900 0.742758 0.056179
8.930109 0.748532 0.742399 0.056124
8.940109 0.748164 0.742040 0.056068
8.950109 0.747796 0.741682 0.056013
8.960110 0.747429 0.741324 0.055958
8.970110 0.747063 0.740967 0.055903
8.980110 0.746697 0.740610 0.055848
8.990110 0.746332 0.740254 0.055794
9.000111 0.745968 0.739899 0.055739
9.010111 0.745603 0.739543 0.055685
9.020111 0.745240 0.739189 0.055630
9.030111 0.744877 0.738835 0.055576
9.040112 0.744514 0.738481 0.055522
9.050112 0.744152 0.738128 0.055468
9.060112 0.743791 0.737776 0.055414
9.070112 0.743430 0.737424 0.055360
9.080112 0.743070 0.737072 0.055306
9.090113 0.742710 0.736721 0.055252
9.100113 0.742350 0.736371 0.055199
9.110113 0.741992 0.736021 0.055145
9.120113 0.741633 0.735671 0.055092
9.130114 0.741276 0.735322 0.055039
9.140114 0.740918 0.734974 0.054986
9.150114 0.740562 0.734626 0.054933
9.160114 0.740206 0.734278 0.054880
9.170115 0.739850 0.733931 0.054827
9.180115 0.739495 0.733585 0.054774
9.190115 0.739140 0.733239 0.054722
9.200115 0.738786 0.732894 0.054669
9.210115 0.738433 0.732549 0.054617
9.220116 0.738080 0.732204 0.054564
9.230116 0.737727 0.731860 0.054512
9.240116 0.737375 0.731517 0.054460
9.250116 0.737024 0.731174 0.054408
9.260117 0.736673 0.730831 0.054356
9.270117 0.736322 0.730489 0.054304
9.280117 0.735972 0.730148 0.054253
9.290117 0.735623 0.729807 0.054201
9.300117 0.735274 0.729466 0.054150
9.310118 0.734925 0.729126 0.054098
9.320118 0.734577 0.728786 0.054047
9.330118 0.734230 0.728447 0.053996
9.340118 0.733883 0.728109 0.053945
9.350119 0.733536 0.727771 0.053894
9.360119 0.733190 0.727433 0.053843
9.370119 0.732845 0.727096 0.053792
9.380119 0.732500 0.726759 0.053741
9.390120 0.732156 0.726423 0.053691
9.400120 0.731812 0.726087 0.053640
9.410120 0.731468 0.725752 0.053590
9.420120 0.731125 0.725417 0.053539
9.430120 0.730783 0.725083 0.053489
9.440121 0.730441 0.724749 0.053439
9.450121 0.730099 0.724415 0.053389
9.460121 0.729758 0.724082 0.053339
9.470121 0.729418 0.723750 0.053289
9.480122 0.729078 0.723418 0.053239
9.490122 0.728738 0.723086 0.053190
9.500122 0.728399 0.722755 0.053140
9.510122 0.728060 0.722425 0.053091
9.520123 0.727722 0.722094 0.053041
9.530123 0.727384 0.721765 0.052992
9.540123 0.727047 0.721435 0.052943
9.550123 0.726711 0.721107 0.052894
9.560123 0.726374 0.720778 0.052845
9.570124 0.726039 0.720450 0.052796
9.580124 0.725703 0.720123 0.052747
9.590124 0.725368 0.719796 0.052698
9.600124 0.725034 0.719469 0.052650
9.610125 0.724700 0.719143 0.052601
9.620125 0.724367 0.718818 0.052553
9.630125 0.724034 0.718493 0.052504
9.640125 0.723701 0.718168 0.052456
9.650126 0.723369 0.717843 0.052408
9.660126 0.723038 0.717520 0.052360
9.670126 0.722707 0.717196 0.052312
9.680126 0.722376 0.716873 0.052264
9.690126 0.722046 0.716551 0.052216
9.700127 0.721716 0.716229 0.052168
9.710127 0.721387 0.715907 0.052120
9.720127 0.721058 0.715586 0.052073
9.730127 0.720730 0.715265 0.052025
9.740128 0.720402 0.714945 0.051978
9.750128 0.720074 0.714625 0.051931
9.760128 0.719747 0.714306 0.051883
9.770128 0.719421 0.713987 0.051836
9.780128 0.719095 0.713668 0.051789
9.790129 0.718769 0.713350 0.051742
9.800129 0.718444 0.713032 0.051695
9.810129 0.718119 0.712715 0.051649
9.820129 0.717795 0.712398 0.051602
9.830130 0.717471 0.712081 0.051555
9.840130 0.717148 0.711765 0.051509
9.850130 0.716825 0.711450 0.051462
9.860130 0.716502 0.711135 0.051416
9.870131 0.716180 0.710820 0.051370
9.880131 0.715859 0.710506 0.051323
9.890131 0.715538 0.710192 0.051277
9.900131 0.715217 0.709878 0.051231
9.910131 0.714897 0.709565 0.051185
9.920132 0.714577 0.709253 0.051139
9.930132 0.714257 0.708941 0.051094
9.940132 0.713938 0.708629 0.051048
9.950132 0.713620 0.708317 0.051002
9.960133 0.713302 0.708006 0.050957
9.970133 0.712984 0.707696 0.050911
9.980133 0.712667 0.707386 0.050866
9.990133 0.712350 0.707076 0.050821
10.000134 0.712033 0.706767 0.050775
10.010134 0.711717 0.706458 0.050730
10.020134 0.711402 0.706149 0.050685
10.030134 0.711087 0.705841 0.050640
10.040134 0.710772 0.705534 0.050595
10.050135 0.710458 0.705227 0.050551
10.060135 0.710144 0.704920 0.050506
10.070135 0.709830 0.704613 0.050461
10.080135 0.709517 0.704307 0.050417
10.090136 0.709205 0.704002 0.050372
10.100136 0.708892 0.703696 0.050328
10.110136 0.708581 0.703392 0.050283
10.120136 0.708269 0.703087 0.050239
10.130136 0.707958 0.702783 0.050195
10.140137 0.707648 0.702480 0.050151
10.150137 0.707338 0.702176 0.050107
10.160137 0.707028 0.701874 0.050063
10.170137 0.706719 0.701571 0.050019
10.180138 0.706410 0.701269 0.049975
10.190138 0.706101 0.700968 0.049932
10.200138 0.705793 0.700666 0.049888
10.210138 0.705486 0.700365 0.049844
10.220139 0.705179 0.700065 0.049801
10.230139 0.704872 0.699765 0.049758
10.240139 0.704565 0.699465 0.049714
10.250139 0.704259 0.699166 0.049671
10.260139 0.703954 0.698867 0.049628
10.270140 0.703649 0.698569 0.049585
10.280140 0.703344 0.698271 0.049542
10.290140 0.703039 0.697973 0.049499
10.300140 0.702735 0.697676 0.049456
10.310141 0.702432 0.697379 0.049413
10.320141 0.702129 0.697082 0.049371
10.330141 0.701826 0.696786 0.049328
10.340141 0.701523 0.696490 0.049285
10.350142 0.701221 0.696195 0.049243
10.360142 0.700920 0.695900 0.049200
10.370142 0.700619 0.695605 0.049158
10.380142 0.700318 0.695311 0.049116
10.390142 0.700017 0.695017 0.049074
10.400143 0.699717 0.694723 0.049031
10.410143 0.699418 0.694430 0.048989
10.420143 0.699118 0.694137 0.048947
10.430143 0.698820 0.693845 0.048906
10.440144 0.698521 0.693553 0.048864
10.450144 0.698223 0.693261 0.048822
10.460144 0.697925 0.692970 0.048780
10.470144 0.697628 0.692679 0.048739
10.480145 0.697331 0.692389 0.048697
10.490145 0.697034 0.692099 0.048656
10.500145 0.696738 0.691809 0.048614
10.510145 0.696443 0.691519 0.048573
10.520145 0.696147 0.691230 0.048532
10.530146 0.695852 0.690942 0.048490
10.540146 0.695558 0.690653 0.048449
10.550146 0.695263 0.690365 0.048408
10.560146 0.694969 0.690078 0.048367
10.570147 0.694676 0.689791 0.048326
10.580147 0.694383 0.689504 0.048286
10.590147 0.694090 0.689217 0.048245
10.600147 0.693798 0.688931 0.048204
10.610147 0.693506 0.688645 0.048164
10.620148 0.693214 0.688360 0.048123
10.630148 0.692923 0.688075 0.048082
10.640148 0.692632 0.687790 0.048042
10.650148 0.692341 0.687506 0.048002
10.660149 0.692051 0.687222 0.047961
10.670149 0.691762 0.686938 0.047921
10.680149 0.691472 0.686655 0.047881
10.690149 0.691183 0.686372 0.047841
10.700150 0.690894 0.686090 0.047801
10.710150 0.690606 0.685807 0.047761
10.720150 0.690318 0.685525 0.047721
10.730150 0.690031 0.685244 0.047681
10.740150 0.689743 0.684963 0.047642
10.750151 0.689457 0.684682 0.047602
10.760151 0.689170 0.684402 0.047562
10.770151 0.688884 0.684121 0.047523
10.780151 0.688598 0.683842 0.047483
10.790152 0.688313 0.683562 0.047444
10.800152 0.688028 0.683283 0.047405
10.810152 0.687743 0.683005 0.047365
10.820152 0.687459 0.682726 0.047326
10.830153 0.687175 0.682448 0.047287
10.840153 0.686891 0.682171 0.047248
10.850153 0.686608 0.681893 0.047209
10.860153 0.686325 0.681616 0.047170
10.870153 0.686043 0.681340 0.047131
10.880154 0.685761 0.681063 0.047092
10.890154 0.685479 0.680787 0.047053
10.900154 0.685197 0.680512 0.047015
10.910154 0.684916 0.680236 0.046976
10.920155 0.684635 0.679961 0.046938
10.930155 0.684355 0.679687 0.046899
10.940155 0.684075 0.679412 0.046861
10.950155 0.683795 0.679139 0.046822
10.960155 0.683516 0.678865 0.046784
10.970156 0.683237 0.678592 0.046746
10.980156 0.682958 0.678319 0.046708
10.990156 0.682680 0.678046 0.046669
11.000156 0.682402 0.677774 0.046631
11.010157 0.682124 0.677502 0.046593
11.020157 0.681847 0.677230 0.046555
11.030157 0.681570 0.676959 0.046518
11.040157 0.681293 0.676688 0.046480
11.050158 0.681017 0.676418 0.046442
11.060158 0.680741 0.676147 0.046404
11.070158 0.680465 0.675877 0.046367
11.080158 0.680190 0.675608 0.046329
11.090158 0.679915 0.675338 0.046292
11.100159 0.679640 0.675069 0.046254
11.110159 0.679366 0.674801 0.046217
11.120159 0.679092 0.674532 0.046179
11.130159 0.678819 0.674264 0.046142
11.140160 0.678545 0.673997 0.046105
11.150160 0.678272 0.673729 0.046068
11.160160 0.678000 0.673462 0.046031
11.170160 0.677728 0.673196 0.045994
11.180161 0.677456 0.672929 0.045957
11.190161 0.677184 0.672663 0.045920
11.200161 0.676913 0.672397 0.045883
11.210161 0.676642 0.672132 0.045846
11.220161 0.676371 0.671867 0.045810
11.230162 0.676101 0.671602 0.045773
11.240162 0.675831 0.671337 0.045736
11.250162 0.675561 0.671073 0.045700
11.260162 0.675292 0.670809 0.045663
11.270163 0.675023 0.670546 0.045627
11.280163 0.674755 0.670283 0.045591
11.290163 0.674486 0.670020 0.045554
11.300163 0.674218 0.669757 0.045518
11.310163 0.673951 0.669495 0.045482
11.320164 0.673683 0.669233 0.045446
11.330164 0.673416 0.668971 0.045410
11.340164 0.673150 0.668710 0.045374
11.350164 0.672883 0.668449 0.045338
11.360165 0.672617 0.668188 0.045302
11.370165 0.672351 0.667928 0.045266
11.380165 0.672086 0.667668 0.045230
11.390165 0.671821 0.667408 0.045195
11.400166 0.671556 0.667148 0.045159
11.410166 0.671292 0.666889 0.045123
11.420166 0.671027 0.666630 0.045088
11.430166 0.670764 0.666372 0.045052
11.440166 0.670500 0.666113 0.045017
11.450167 0.670237 0.665856 0.044981
11.460167 0.669974 0.665598 0.044946
11.470167 0.669712 0.665340 0.044911
11.480167 0.669449 0.665083 0.044876
11.490168 0.669187 0.664827 0.044840
11.500168 0.668926 0.664570 0.044805
11.510168 0.668664 0.664314 0.044770
11.520168 0.668403 0.664058 0.044735
11.530169 0.668143 0.663803 0.044700
11.540169 0.667882 0.663547 0.044665
11.550169 0.667622 0.663292 0.044631
11.560169 0.667362 0.663038 0.044596
11.570169 0.667103 0.662783 0.044561
11.580170 0.666844 0.662529 0.044526
11.590170 0.666585 0.662275 0.044492
11.600170 0.666326 0.662022 0.044457
11.610170 0.666068 0.661769 0.044423
11.620171 0.665810 0.661516 0.044388
11.630171 0.665552 0.661263 0.044354
11.640171 0.665295 0.661011 0.044320
11.650171 0.665038 0.660759 0.044285
11.660172 0.664781 0.660507 0.044251
11.670172 0.664525 0.660256 0.044217
11.680172 0.664269 0.660004 0.044183
11.690172 0.664013 0.659754 0.044149
11.700172 0.663757 0.659503 0.044115
11.710173 0.663502 0.659253 0.044081
11.720173 0.663247 0.659003 0.044047
11.730173 0.662992 0.658753 0.044013
11.740173 0.662738 0.658504 0.043979
11.750174 0.662484 0.658255 0.043945
11.760174 0.662230 0.658006 0.043912
11.770174 0.661977 0.657757 0.043878
11.780174 0.661724 0.657509 0.043844
11.790174 0.661471 0.657261 0.043811
11.800175 0.661218 0.657013 0.043777
11.810175 0.660966 0.656766 0.043744
11.820175 0.660714 0.656519 0.043711
11.830175 0.660462 0.656272 0.043677
11.840176 0.660211 0.656025 0.043644
11.850176 0.659959 0.655779 0.043611
11.860176 0.659709 0.655533 0.043577
11.870176 0.659458 0.655287 0.043544
11.880177 0.659208 0.655042 0.043511
11.890177 0.658958 0.654797 0.043478
11.900177 0.658708 0.654552 0.043445
11.910177 0.658459 0.654307 0.043412
11.920177 0.658210 0.654063 0.043379
11.930178 0.657961 0.653819 0.043347
11.940178 0.657712 0.653575 0.043314
11.950178 0.657464 0.653331 0.043281
11.960178 0.657216 0.653088 0.043248
11.970179 0.656969 0.652845 0.043216
11.980179 0.656721 0.652603 0.043183
11.990179 0.656474 0.652360 0.043151
12.000179 0.656227 0.652118 0.043118
12.010180 0.655981 0.651876 0.043086
12.020180 0.655734 0.651635 0.043053
12.030180 0.655488 0.651393 0.043021
12.040180 0.655243 0.651152 0.042989
12.050180 0.654997 0.650911 0.042956
12.060181 0.654752 0.650671 0.042924
12.070181 0.654507 0.650431 0.042892
12.080181 0.654263 0.650191 0.042860
12.090181 0.654018 0.649951 0.042828
12.100182 0.653774 0.649712 0.042796
12.110182 0.653530 0.649472 0.042764
12.120182 0.653287 0.649234 0.042732
12.130182 0.653044 0.648995 0.042700
12.140182 0.652801 0.648757 0.042668
12.150183 0.652558 0.648518 0.042637
12.160183 0.652316 0.648281 0.042605
12.170183 0.652074 0.648043 0.042573
12.180183 0.651832 0.647806 0.042542
12.190184 0.651590 0.647569 0.042510
12.200184 0.651349 0.647332 0.042479
12.210184 0.651108 0.647095 0.042447
12.220184 0.650867 0.646859 0.042416
12.230185 0.650627 0.646623 0.042384
12.240185 0.650387 0.646387 0.042353
12.250185 0.650147 0.646152 0.042322
12.260185 0.649907 0.645917 0.042290
12.270185 0.649667 0.645682 0.042259
12.280186 0.649428 0.645447 0.042228
12.290186 0.649189 0.645213 0.042197
12.300186 0.648951 0.644979 0.042166
12.310186 0.648712 0.644745 0.042135
12.320187 0.648474 0.644511 0.042104
12.330187 0.648237 0.644278 0.042073
12.340187 0.647999 0.644044 0.042042
12.350187 0.647762 0.643812 0.042011
12.360188 0.647525 0.643579 0.041981
12.370188 0.647288 0.643347 0.041950
12.380188 0.647052 0.643114 0.041919
12.390188 0.646815 0.642883 0.041889
12.400188 0.646579 0.642651 0.041858
12.410189 0.646344 0.642420 0.041827
12.420189 0.646108 0.642188 0.041797
12.430189 0.645873 0.641958 0.041766
12.440189 0.645638 0.641727 0.041736
12.450190 0.645403 0.641497 0.041706
12.460190 0.645169 0.641267 0.041675
12.470190 0.644935 0.641037 0.041645
12.480190 0.644701 0.640807 0.041615
12.490191 0.644467 0.640578 0.041585
12.500191 0.644234 0.640349 0.041554
12.510191 0.644001 0.640120 0.041524
12.520191 0.643768 0.639891 0.041494
12.530191 0.643535 0.639663 0.041464
12.540192 0.643303 0.639435 0.041434
12.550192 0.643071 0.639207 0.041404
12.560192 0.642839 0.638979 0.041375
12.570192 0.642608 0.638752 0.041345
12.580193 0.642376 0.638525 0.041315
12.590193 0.642145 0.638298 0.041285
12.600193 0.641914 0.638071 0.041255
12.610193 0.641684 0.637845 0.041226
12.620193 0.641453 0.637619 0.041196
12.630194 0.641223 0.637393 0.041167
12.640194 0.640993 0.637167 0.041137
12.650194 0.640764 0.636942 0.041107
12.660194 0.640535 0.636717 0.041078
12.670195 0.640305 0.636492 0.041049
12.680195 0.640077 0.636267 0.041019
12.690195 0.639848 0.636042 0.040990
12.700195 0.639620 0.635818 0.040961
12.710196 0.639392 0.635594 0.040931
12.720196 0.639164 0.635370 0.040902
12.730196 0.638936 0.635147 0.040873
12.740196 0.638709 0.634924 0.040844
12.750196 0.638482 0.634701 0.040815
12.760197 0.638255 0.634478 0.040786
12.770197 0.638028 0.634255 0.040757
12.780197 0.637802 0.634033 0.040728
12.790197 0.637576 0.633811 0.040699
12.800198 0.637350 0.633589 0.040670
12.810198 0.637124 0.633367 0.040641
12.820198 0.636899 0.633146 0.040612
12.830198 0.636674 0.632925 0.040584
12.840199 0.636449 0.632704 0.040555
12.850199 0.636224 0.632483 0.040526
12.860199 0.636000 0.632263 0.040498
12.870199 0.635775 0.632043 0.040469
12.880199 0.635551 0.631823 0.040441
12.890200 0.635328 0.631603 0.040412
12.900200 0.635104 0.631383 0.040384
12.910200 0.634881 0.631164 0.040355
12.920200 0.634658 0.630945 0.040327
12.930201 0.634435 0.630726 0.040298
12.940201 0.634213 0.630508 0.040270
12.950201 0.633990 0.630289 0.040242
12.960201 0.633768 0.630071 0.040214
12.970201 0.633546 0.629853 0.040186
12.980202 0.633325 0.629636 0.040157
12.990202 0.633103 0.629418 0.040129
13.000202 0.632882 0.629201 0.040101
13.010202 0.632661 0.628984 0.040073
13.020203 0.632441 0.628767 0.040045
13.030203 0.632220 0.628551 0.040017
13.040203 0.632000 0.628335 0.039989
13.050203 0.631780 0.628118 0.039962
13.060204 0.631561 0.627903 0.039934
13.070204 0.631341 0.627687 0.039906
13.080204 0.631122 0.627472 0.039878
13.090204 0.630903 0.627256 0.039850
13.100204 0.630684 0.627041 0.039823
13.110205 0.630465 0.626827 0.039795
13.120205 0.630247 0.626612 0.039768
13.130205 0.630029 0.626398 0.039740
13.140205 0.629811 0.626184 0.039713
13.150206 0.629594 0.625970 0.039685
13.160206 0.629376 0.625756 0.039658
13.170206 0.629159 0.625543 0.039630
13.180206 0.628942 0.625330 0.039603
13.190207 0.628725 0.625117 0.039576
13.200207 0.628509 0.624904 0.039548
13.210207 0.628292 0.624692 0.039521
13.220207 0.628076 0.624479 0.039494
13.230207 0.627861 0.624267 0.039467
13.240208 0.627645 0.624055 0.039439
13.250208 0.627430 0.623844 0.039412
13.260208 0.627214 0.623632 0.039385
13.270208 0.626999 0.623421 0.039358
13.280209 0.626785 0.623210 0.039331
13.290209 0.626570 0.622999 0.039304
13.300209 0.626356 0.622789 0.039277
13.310209 0.626142 0.622578 0.039251
13.320210 0.625928 0.622368 0.039224
13.330210 0.625715 0.622158 0.039197
13.340210 0.625501 0.621949 0.039170
13.350210 0.625288 0.621739 0.039143
13.360210 0.625075 0.621530 0.039117
13.370211 0.624862 0.621321 0.039090
13.380211 0.624650 0.621112 0.039064
13.390211 0.624438 0.620903 0.039037
13.400211 0.624226 0.620695 0.039010
13.410212 0.624014 0.620487 0.038984
13.420212 0.623802 0.620279 0.038957
13.430212 0.623591 0.620071 0.038931
13.440212 0.623380 0.619863 0.038905
13.450212 0.623169 0.619656 0.038878
13.460213 0.622958 0.619449 0.038852
13.470213 0.622747 0.619242 0.038826
13.480213 0.622537 0.619035 0.038799
13.490213 0.622327 0.618829 0.038773
13.500214 0.622117 0.618622 0.038747
13.510214 0.621907 0.618416 0.038721
13.520214 0.621698 0.618210 0.038695
13.530214 0.621489 0.618005 0.038669
13.540215 0.621280 0.617799 0.038643
13.550215 0.621071 0.617594 0.038617
13.560215 0.620862 0.617389 0.038591
13.570215 0.620654 0.617184 0.038565
13.580215 0.620446 0.616979 0.038539
13.590216 0.620238 0.616775 0.038513
13.600216 0.620030 0.616571 0.038487
13.610216 0.619822 0.616367 0.038461
13.620216 0.619615 0.616163 0.038436
13.630217 0.619408 0.615959 0.038410
13.640217 0.619201 0.615756 0.038384
13.650217 0.618994 0.615553 0.038359
13.660217 0.618788 0.615350 0.038333
13.670218 0.618581 0.615147 0.038307
13.680218 0.618375 0.614944 0.038282
13.690218 0.618169 0.614742 0.038256
13.700218 0.617964 0.614539 0.038231
13.710218 0.617758 0.614337 0.038205
13.720219 0.617553 0.614136 0.038180
13.730219 0.617348 0.613934 0.038155
13.740219 0.617143 0.613733 0.038129
13.750219 0.616939 0.613531 0.038104
13.760220 0.616734 0.613330 0.038079
13.770220 0.616530 0.613130 0.038053
13.780220 0.616326 0.612929 0.038028
13.790220 0.616122 0.612729 0.038003
13.800220 0.615918 0.612528 0.037978
13.810221 0.615715 0.612328 0.037953
13.820221 0.615512 0.612129 0.037928
13.830221 0.615309 0.611929 0.037903
13.840221 0.615106 0.611730 0.037878
13.850222 0.614903 0.611530 0.037853
13.860222 0.614701 0.611331 0.037828
13.870222 0.614499 0.611132 0.037803
13.880222 0.614297 0.610934 0.037778
13.890223 0.614095 0.610735 0.037753
13.900223 0.613894 0.610537 0.037728
13.910223 0.613692 0.610339 0.037703
13.920223 0.613491 0.610141 0.037679
13.930223 0.613290 0.609944 0.037654
13.940224 0.613089 0.609746 0.037629
13.950224 0.612889 0.609549 0.037605
13.960224 0.612688 0.609352 0.037580
13.970224 0.612488 0.609155 0.037555
13.980225 0.612288 0.608958 0.037531
13.990225 0.612088 0.608762 0.037506
14.000225 0.611889 0.608565 0.037482
14.010225 0.611689 0.608369 0.037457
14.020226 0.611490 0.608173 0.037433
14.030226 0.611291 0.607978 0.037409
14.040226 0.611092 0.607782 0.037384
14.050226 0.610894 0.607587 0.037360
14.060226 0.610695 0.607392 0.037336
14.070227 0.610497 0.607197 0.037311
14.080227 0.610299 0.607002 0.037287
14.090227 0.610101 0.606807 0.037263
14.100227 0.609904 0.606613 0.037239
14.110228 0.609706 0.606419 0.037215
14.120228 0.609509 0.606225 0.037191
14.130228 0.609312 0.606031 0.037167
14.140228 0.609115 0.605837 0.037143
14.150229 0.608918 0.605644 0.037119
14.160229 0.608722 0.605450 0.037095
14.170229 0.608525 0.605257 0.037071
14.180229 0.608329 0.605064 0.037047
14.190229 0.608133 0.604872 0.037023
14.200230 0.607938 0.604679 0.036999
14.210230 0.607742 0.604487 0.036975
14.220230 0.607547 0.604295 0.036951
14.230230 0.607352 0.604103 0.036928
14.240231 0.607157 0.603911 0.036904
14.250231 0.606962 0.603719 0.036880
14.260231 0.606768 0.603528 0.036856
14.270231 0.606573 0.603337 0.036833
14.280231 0.606379 0.603146 0.036809
14.290232 0.606185 0.602955 0.036786
14.300232 0.605991 0.602764 0.036762
14.310232 0.605798 0.602574 0.036739
14.320232 0.605604 0.602383 0.036715
14.330233 0.605411 0.602193 0.036692
14.340233 0.605218 0.602003 0.036668
14.350233 0.605025 0.601813 0.036645
14.360233 0.604832 0.601624 0.036621
14.370234 0.604640 0.601434 0.036598
14.380234 0.604447 0.601245 0.036575
14.390234 0.604255 0.601056 0.036552
14.400234 0.604063 0.600867 0.036528
14.410234 0.603872 0.600678 0.036505
14.420235 0.603680 0.600490 0.036482
14.430235 0.603489 0.600302 0.036459
14.440235 0.603297 0.600113 0.036436
14.450235 0.603106 0.599925 0.036413
14.460236 0.602915 0.599738 0.036389
14.470236 0.602725 0.599550 0.036366
14.480236 0.602534 0.599362 0.036343
14.490236 0.602344 0.599175 0.036320
14.500237 0.602154 0.598988 0.036298
14.510237 0.601964 0.598801 0.036275
14.520237 0.601774 0.598614 0.036252
14.530237 0.601584 0.598428 0.036229
14.540237 0.601395 0.598242 0.036206
14.550238 0.601206 0.598055 0.036183
14.560238 0.601017 0.597869 0.036160
14.570238 0.600828 0.597683 0.036138
14.580238 0.600639 0.597498 0.036115
14.590239 0.600451 0.597312 0.036092
14.600239 0.600263 0.597127 0.036070
14.610239 0.600075 0.596942 0.036047
14.620239 0.599887 0.596757 0.036024
14.630239 0.599699 0.596572 0.036002
14.640240 0.599511 0.596387 0.035979
14.650240 0.599324 0.596203 0.035957
14.660240 0.599136 0.596019 0.035934
14.670240 0.598949 0.595834 0.035912
14.680241 0.598762 0.595651 0.035889
14.690241 0.598576 0.595467 0.035867
14.700241 0.598389 0.595283 0.035845
14.710241 0.598203 0.595100 0.035822
14.720242 0.598017 0.594917 0.035800
14.730242 0.597831 0.594733 0.035778
14.740242 0.597645 0.594550 0.035755
14.750242 0.597459 0.594368 0.035733
14.760242 0.597274 0.594185 0.035711
14.770243 0.597088 0.594003 0.035689
14.780243 0.596903 0.593821 0.035667
14.790243 0.596718 0.593638 0.035644
14.800243 0.596533 0.593457 0.035622
14.810244 0.596349 0.593275 0.035600
14.820244 0.596164 0.593093 0.035578
14.830244 0.595980 0.592912 0.035556
14.840244 0.595796 0.592731 0.035534
14.850245 0.595612 0.592550 0.035512
14.860245 0.595428 0.592369 0.035490
14.870245 0.595245 0.592188 0.035468
14.880245 0.595061 0.592007 0.035447
14.890245 0.594878 0.591827 0.035425
14.900246 0.594695 0.591647 0.035403
14.910246 0.594512 0.591467 0.035381
14.920246 0.594329 0.591287 0.035359
14.930246 0.594147 0.591107 0.035338
14.940247 0.593964 0.590928 0.035316
14.950247 0.593782 0.590748 0.035294
14.960247 0.593600 0.590569 0.035273
14.970247 0.593418 0.590390 0.035251
14.980247 0.593237 0.590211 0.035229
14.990248 0.593055 0.590032 0.035208
